0;16;0 1 2 3 4 5 6 7 8 9 10 11 12 13 14 15 16 17 18 19 20 21 22 23 24 25 26 27 28 29 30 31 32 33 34 35 36 37 38 39 40 41 42 43 44 45 46 47 48 49 50 51 52 53 54 55 56 57 58 59 60 61 62 63 64 65 66 67 68 69 70 71 72 73 74 75 76 77 78 79 80 81 82 83 84 85 86 87 88 89 90 91 92 93 94 95 96 97 98 99 100 101 102 103 104 105 106 107 108 109 110 111 112 113 114 115 116 117 118 119 120 121 122 123 124 125 126 127 128 129 130 131 132 133 134 135 136 137 138 139 140 141 142 143 144 145 146 147 148 149 150 151 152 153 154 155 156 157 158 159 160 161 162 163 164 165 166 167 168 169 170 171 172 173 174 175 176 177 178 179 180 181 182 183 184 185 186 187 188 189 190 191 192 193 194 195 196 197 198 199 200 201 202 203 204 205 206 207 208 209 210 211 212 213 214 215 216 217 218 219 220 221 222 223 224 225 226 227 228 229 230 231 232 233 234 235 236 237 238 239 240 241 242 243 244 245 246 247 248 249 250 251 252 253 254 255 256 257 258 259 260 261 262 263 264 265 266 267 268 269 270 271 272 273 274 275 276 277 278 279 280 281 282 283 284 285 286 287 288 289 290 291 292 293 294 295 296 297 298 299 300 301 302 303 304 305 306 307 308 309 310 311 312 313 314 315 316 317 318 319 320 321 322 323 324 325 326 327 328 329 330 331 332 333 334 335 336 337 338 339 340 341 342 343 344 345 346 347 348 349 350 351 352 353 354 355 356 357 358 359 360 361 362 363 364 365 366 367 368 369 370 371 372 373 374 375 376 377 378 379 380 381 382 383 384 385 386 387 388 389 390 391 392 393 394 395 396 397 398 399 400 401 402 403 404 405 406 407 408 409 410 411 412 413 414 415 416 417 418 419 420 421 422 423 424 425 426 427 428 429 430 431 432 433 434 435 436 437 438 439 440 441 442 443 444 445 446 447 448 449 450 451 452 453 454 455 456 457 458 459 460 461 462 463 464 465 466 467 468 469 470 471 472 473 474 475 476 477 478 479 480 481 482 483 484 485 486 487 488 489 490 491 492 493 494 495 496 497 498 499 500 501 502 503 504 505 506 507 508 509 510 511 512 513 514 515 516 517 518 519 520 521 522 523 524 525 526 527 528 529 530 531 532 533 534 535 536 537 538 539 540 541 542 543 544 545 546 547 548 549 550 551 552 553 554 555 556 557 558 559 560 561 562 563 564 565 566 567 568 569 570 571 572 573 574 575 576 577 578 579 580 581 582 583 584 585 586 587 588 589 590 591 592 593 594 595 596 597 598 599 600 601 602 603 604 605 606 607 608 609 610 611 612 613 614 615 616 617 618 619 620 621 622 623 624 625 626 627 628 629 630 631 632 633 634 635 636 637 638 639 640 641 642 643 644 645 646 647 648 649 650 651 652 653 654 655 656 657 658 659 660 661 662 663 664 665 666 667 668 669 670 671 672 673 674 675 
1;16;260 262 263 264 265 266 267 268 289 296 297 298 299 305 312 313 314 315 316 317 319 323 327 328 331 334 335 336 338 339 340 341 342 343 344 345 357 358 383 384 408 409 410 434 435 436 459 460 461 462 487 488 
2;16;260 261 262 263 264 265 266 267 268 269 270 271 279 286 287 288 289 290 291 293 294 296 297 298 299 300 301 302 304 305 310 311 312 313 314 315 316 317 318 319 320 321 322 323 324 325 326 327 328 330 331 332 333 334 335 336 337 338 339 340 341 342 343 344 345 346 347 348 349 350 351 352 353 355 356 357 358 359 362 363 364 365 366 367 381 382 383 384 407 408 409 410 433 434 435 436 437 459 460 461 462 463 485 486 487 488 489 511 512 514 515 
3;16;260 261 262 263 264 265 266 267 268 269 270 279 286 287 289 296 297 298 299 300 305 311 312 313 314 315 316 317 318 319 326 327 328 331 332 333 334 335 336 337 338 339 340 341 342 343 344 345 357 358 383 384 408 409 410 433 434 435 436 459 460 461 462 485 486 487 488 511 
4;16;234 235 236 237 238 239 240 241 242 243 260 261 262 263 264 265 266 267 268 269 270 271 272 273 279 286 287 288 289 290 291 292 293 296 297 298 299 300 301 302 304 305 306 312 313 314 315 316 317 318 319 320 321 322 323 324 325 326 327 328 330 331 332 333 335 336 337 338 339 340 341 342 343 344 345 356 357 358 382 383 384 408 409 410 433 434 435 436 437 458 459 460 461 462 463 484 485 486 487 488 511 
5;16;260 263 265 266 267 268 270 272 279 287 298 299 300 301 305 306 312 313 314 315 316 317 318 319 320 321 322 323 324 325 326 327 328 331 332 333 334 335 336 337 338 339 340 341 342 343 344 357 358 381 383 384 407 408 409 410 433 434 435 436 437 459 460 461 462 463 485 486 487 488 511 
6;16;234 235 236 237 238 239 240 241 242 243 260 261 262 263 264 265 266 267 268 269 270 271 272 273 279 284 285 286 287 288 289 290 291 296 297 298 299 300 301 302 305 306 307 308 309 310 312 313 314 315 316 317 318 319 320 321 322 323 324 325 326 327 328 329 331 332 335 336 337 338 339 340 341 342 343 344 345 346 355 356 357 358 381 382 383 384 407 408 409 410 411 432 433 434 435 436 437 459 460 461 462 463 484 485 486 487 488 489 511 
7;16;239 240 241 242 273 275 279 284 286 287 288 289 290 291 292 293 294 295 296 297 298 299 305 306 307 308 311 312 313 314 315 316 317 318 319 320 321 322 331 355 356 357 358 381 384 407 408 409 410 433 434 435 436 437 459 460 461 462 463 485 486 488 
8;16;201 227 234 235 236 237 238 239 240 241 242 243 244 245 252 253 254 260 261 262 263 264 265 266 267 268 269 270 271 272 273 274 275 278 279 280 284 285 286 287 288 289 290 291 292 293 294 295 296 297 298 299 300 301 302 303 304 305 306 307 308 309 310 311 312 313 314 315 316 317 318 319 320 321 322 323 324 325 326 327 328 329 330 331 332 333 334 335 336 337 338 339 340 341 342 343 344 345 346 347 348 349 350 351 352 353 354 355 356 357 358 359 363 381 382 383 384 385 386 387 388 389 407 408 409 410 411 430 431 432 433 434 435 436 437 443 444 445 446 447 448 449 450 458 459 460 461 462 463 468 483 484 485 486 487 488 489 509 510 511 512 513 514 515 535 536 537 538 539 540 560 561 562 563 564 565 566 587 
9;16;287 296 305 312 313 314 315 316 317 318 319 320 321 322 323 324 325 326 327 328 331 336 337 357 358 384 408 409 410 435 436 437 459 460 461 462 485 486 487 488 511 
10;16;234 237 239 263 270 272 278 279 284 285 286 287 288 289 290 291 292 293 296 297 301 305 306 307 308 309 310 311 312 313 314 315 316 317 318 319 320 321 322 323 324 325 326 327 328 330 331 332 333 334 335 336 337 355 356 357 358 381 382 383 384 407 408 409 410 433 434 435 436 437 459 460 461 462 463 484 485 486 487 488 489 510 511 514 
11;16;234 236 238 270 271 286 287 288 289 290 291 292 293 295 296 301 302 305 312 313 314 315 316 317 318 319 320 321 322 323 324 325 326 327 328 331 332 336 337 357 358 383 384 409 410 433 434 435 436 459 460 461 462 485 486 487 488 511 514 
12;16;234 235 237 238 239 240 241 242 243 260 261 262 263 264 265 266 267 268 269 270 271 272 273 278 279 284 285 286 287 288 289 290 291 292 293 294 295 296 297 298 299 300 301 302 303 304 305 306 307 308 309 310 311 312 313 314 315 316 317 318 319 320 321 322 323 324 325 326 327 328 329 330 331 332 333 334 335 336 337 338 339 340 341 342 343 344 345 346 355 356 357 358 361 362 363 381 382 383 384 406 407 408 409 410 411 432 433 434 435 436 437 458 459 460 461 462 463 483 484 485 486 487 488 489 509 510 511 512 513 514 515 535 536 537 
13;16;260 262 263 264 265 266 267 268 269 270 279 289 296 297 298 299 300 305 311 312 313 314 315 316 317 318 319 320 321 322 323 324 325 326 327 328 330 331 333 334 335 336 337 338 339 340 341 342 343 344 345 346 347 348 349 350 351 352 353 354 355 356 357 358 359 361 362 363 381 382 383 384 407 408 409 410 433 434 435 436 459 460 461 462 463 484 485 486 487 488 489 510 511 512 513 514 536 537 540 
14;16;235 236 238 260 261 262 263 264 265 266 267 268 269 270 271 278 279 286 287 288 289 290 291 292 293 294 295 296 297 298 299 300 301 302 305 310 311 312 313 314 315 316 317 318 319 320 321 322 323 324 325 326 327 328 329 330 331 332 333 334 335 336 337 338 339 340 341 342 343 344 345 346 347 348 349 350 351 352 353 354 355 356 357 358 362 363 381 382 383 384 406 407 408 409 410 432 433 434 435 436 437 458 459 460 461 462 463 483 484 485 486 487 488 489 509 510 511 512 513 514 535 536 537 540 
15;16;260 261 262 263 264 265 266 267 268 269 286 289 291 293 294 295 296 297 298 299 300 305 312 313 314 319 326 327 328 329 330 331 334 335 336 337 338 339 340 341 342 343 344 345 346 347 348 349 351 355 356 357 358 359 382 383 408 409 410 433 435 436 459 460 461 462 484 485 486 487 488 509 510 511 512 513 535 536 537 538 539 540 
16;16;170 194 195 196 197 198 208 209 210 211 212 213 214 215 216 217 218 219 220 221 222 223 224 225 228 232 234 235 236 237 238 239 240 241 242 243 244 245 246 247 248 249 250 251 252 254 257 258 259 260 261 262 263 264 265 266 267 268 269 270 271 272 273 274 275 276 277 279 280 281 282 283 284 285 286 287 288 289 290 291 292 293 294 295 296 297 298 299 300 301 302 303 304 305 306 307 308 309 310 311 312 313 314 315 316 317 318 319 320 321 322 323 324 325 326 327 328 329 330 331 332 333 334 335 336 337 338 339 340 341 342 343 344 345 346 347 348 349 350 351 352 353 354 355 356 357 358 359 360 361 362 363 364 365 366 367 368 369 370 371 372 373 374 375 376 377 378 379 380 381 382 383 384 385 389 402 403 404 405 406 407 408 409 410 423 424 429 430 431 432 433 434 435 436 437 448 449 450 451 452 453 454 455 456 457 458 459 460 461 462 463 468 469 470 471 472 473 474 475 476 477 478 479 480 481 482 483 484 485 486 487 488 489 494 495 496 497 498 499 503 504 505 506 507 508 509 510 511 512 513 514 520 521 522 523 524 525 529 530 531 532 533 534 535 536 537 538 539 540 546 547 555 556 557 558 559 560 561 562 564 565 574 575 576 577 578 579 580 581 582 583 584 585 587 590 598 599 600 601 607 608 609 610 
17;16;260 261 262 263 264 265 266 267 269 286 287 288 289 291 292 293 294 295 296 297 298 299 305 313 314 316 319 323 324 325 326 327 328 330 331 335 336 337 338 339 340 341 342 343 344 345 346 347 348 349 350 351 353 354 355 356 357 358 359 360 361 362 363 382 383 406 408 409 410 432 434 435 436 453 458 459 460 461 462 483 484 485 486 487 488 509 511 512 513 514 535 537 538 539 540 561 562 
18;16;260 261 262 263 264 265 266 267 269 278 286 287 288 289 290 291 292 293 294 295 296 297 298 299 304 305 312 313 314 316 317 318 319 320 323 324 325 326 327 328 329 330 331 334 335 336 337 338 339 340 341 342 343 344 345 346 355 356 357 358 359 360 361 362 363 365 369 381 382 383 384 385 389 406 407 408 409 410 431 432 434 435 436 451 457 458 459 460 461 462 483 484 485 486 487 488 509 510 511 512 513 514 534 535 536 537 538 539 540 560 561 562 563 564 565 566 587 
19;16;262 264 286 287 288 289 290 291 292 293 294 295 296 297 298 305 313 314 315 316 319 322 323 324 325 326 327 328 329 330 331 337 354 355 356 357 358 359 360 361 362 363 366 368 380 382 383 384 385 386 387 388 389 408 409 433 434 435 436 458 460 461 462 483 484 485 487 488 512 513 514 539 540 563 564 565 566 587 
20;16;260 261 262 263 264 265 266 267 268 269 270 277 278 279 286 287 288 289 290 291 292 293 294 295 296 297 298 299 300 302 303 304 305 311 312 313 314 315 316 317 318 319 320 321 322 323 324 325 326 327 328 329 330 331 332 333 334 335 336 337 338 339 340 341 342 343 344 345 346 347 348 349 350 351 352 353 354 355 356 357 358 359 360 361 362 363 364 365 366 367 368 369 370 371 372 373 374 375 376 377 378 379 380 381 382 383 384 385 386 387 388 389 405 406 407 408 409 410 431 432 433 434 435 436 456 457 458 459 460 461 462 463 482 483 484 485 486 487 488 489 507 508 509 510 511 512 513 514 533 534 535 536 537 538 539 540 559 560 561 562 563 564 565 566 585 586 587 588 589 590 591 592 611 612 617 
21;16;286 287 288 289 290 291 292 293 294 295 296 297 298 303 314 316 318 323 324 325 326 327 328 329 331 354 355 356 357 358 361 362 363 365 366 368 380 381 382 383 384 385 386 387 407 408 409 431 433 434 435 436 457 459 460 461 462 483 484 486 487 488 508 509 510 511 512 513 514 534 535 536 538 539 540 560 562 563 564 565 586 587 591 
22;16;262 264 266 286 287 288 289 290 291 292 293 294 295 296 297 298 299 302 303 305 312 313 314 315 316 317 318 319 320 322 323 324 325 326 327 328 329 331 337 340 341 344 345 354 355 356 357 358 361 362 363 365 366 368 371 372 373 374 380 381 382 383 384 385 386 387 388 389 405 406 407 408 409 410 431 432 433 434 435 436 456 457 458 459 460 461 462 482 483 484 485 486 487 488 507 508 509 510 511 512 513 514 533 534 535 536 537 538 539 540 559 560 562 563 564 565 566 585 586 587 588 589 590 591 592 611 612 613 
23;16;286 287 288 289 290 291 292 293 294 295 296 297 312 314 315 316 317 318 319 322 323 324 325 326 327 328 329 331 354 355 356 357 358 380 381 382 383 384 386 407 408 409 410 432 433 434 435 456 457 459 460 461 483 485 486 487 509 510 512 513 514 533 534 535 537 538 539 540 559 562 564 585 586 587 589 590 591 611 612 617 
24;16;222 223 234 235 236 237 238 239 240 241 242 243 244 245 246 247 248 249 250 252 253 254 260 261 262 263 264 265 266 267 268 269 270 271 272 273 274 275 276 277 278 279 280 284 286 287 288 289 290 291 292 293 294 295 296 297 298 299 300 301 302 303 304 305 306 307 308 309 310 311 312 313 314 315 316 317 318 319 320 321 322 323 324 325 326 327 328 329 330 331 332 333 334 335 336 337 338 339 340 341 342 343 344 345 346 347 348 349 350 351 352 353 354 355 356 357 358 359 360 361 362 363 364 365 366 367 368 369 370 371 372 373 374 375 376 377 378 379 380 381 382 383 384 385 386 387 388 389 402 403 404 405 406 407 408 409 410 414 415 429 430 431 432 433 434 435 436 437 439 440 441 453 454 455 456 457 458 459 460 461 462 463 464 465 466 467 477 478 479 480 481 482 483 484 485 486 487 488 489 490 491 492 493 504 505 506 507 508 509 510 511 512 513 514 515 521 522 523 527 528 532 533 534 535 536 537 538 539 540 557 558 559 560 561 562 563 564 565 566 583 584 585 586 587 588 589 590 591 592 611 612 613 616 617 
25;16;260 261 262 263 264 265 266 267 286 287 288 289 290 291 292 293 294 295 296 297 298 299 300 312 314 315 316 317 319 322 323 324 325 326 327 328 329 331 332 338 339 340 341 342 343 344 345 346 347 354 355 356 357 358 362 363 366 367 368 369 370 371 372 373 374 375 376 377 378 380 381 382 383 384 385 386 387 388 389 406 407 408 409 430 432 433 434 435 455 456 459 460 461 481 482 485 486 487 506 507 508 509 511 512 513 532 533 534 535 536 537 539 540 558 559 561 563 564 584 585 586 587 588 589 590 591 611 612 617 
26;16;224 234 240 250 260 261 262 263 264 265 266 267 268 269 270 271 272 273 274 275 276 286 287 288 289 290 291 292 293 294 295 296 297 298 299 300 301 302 303 304 305 306 312 313 314 315 316 317 318 319 320 321 322 323 324 325 326 327 328 329 330 331 332 333 334 336 337 338 339 340 341 342 343 344 345 346 347 348 349 350 351 352 353 354 355 356 357 358 359 360 361 362 363 364 365 366 367 368 369 370 371 372 373 374 375 376 377 378 380 381 382 383 384 385 386 387 388 389 404 405 406 407 408 409 429 430 431 432 433 434 435 455 456 457 459 460 461 462 480 481 482 483 485 486 487 488 506 507 508 509 510 511 512 513 514 532 533 534 535 536 537 538 539 540 558 559 560 561 562 563 564 565 566 584 585 586 587 588 589 590 591 611 612 617 
27;16;260 261 262 263 264 265 266 267 268 269 270 271 272 287 288 289 290 291 292 293 294 295 296 297 298 299 300 301 303 305 312 313 314 315 316 317 318 319 320 321 322 323 324 325 326 327 328 329 330 331 332 333 336 337 338 339 340 341 342 343 344 345 346 347 348 349 350 351 352 354 355 356 357 358 359 360 361 362 363 380 381 382 404 406 407 408 409 429 430 433 434 435 455 456 459 460 461 462 480 481 482 483 485 486 487 488 506 509 511 512 513 514 535 537 538 560 561 562 563 564 565 585 591 
28;16;223 224 229 230 234 235 239 240 241 249 250 255 256 260 261 262 263 264 265 266 267 268 269 270 271 272 273 274 275 276 277 279 280 282 286 287 288 289 290 291 292 293 294 295 296 297 298 299 300 301 302 303 304 305 306 309 310 311 312 313 314 315 316 317 318 319 320 321 322 323 324 325 326 327 328 329 330 331 332 333 334 335 336 337 338 339 340 341 342 343 344 345 346 347 348 349 350 351 352 353 354 355 356 357 358 359 360 361 362 363 364 365 366 367 368 369 370 371 372 373 374 375 376 377 378 379 380 381 382 383 384 385 386 387 388 389 402 403 404 405 406 407 408 409 429 430 431 432 433 434 435 454 455 456 457 458 459 460 461 462 480 481 482 483 484 485 486 487 488 505 506 507 508 509 511 512 513 514 531 532 533 534 535 536 537 538 539 540 557 558 559 560 561 562 563 564 565 566 583 584 585 586 587 588 589 590 591 592 611 612 617 
29;16;286 288 289 290 291 292 293 294 296 305 306 312 313 314 315 316 317 318 319 320 321 322 323 324 325 326 327 328 331 333 334 335 336 337 354 356 381 382 383 408 409 433 434 435 456 457 459 460 461 462 482 483 485 486 487 488 506 507 509 511 512 514 532 535 536 538 558 560 565 
30;16;223 224 231 235 241 243 245 246 248 249 250 257 262 263 264 267 274 277 278 279 283 286 287 288 289 290 291 292 293 294 295 296 297 298 299 300 305 306 307 308 309 312 313 314 315 316 317 318 319 320 321 322 323 324 325 326 327 328 329 330 331 332 333 334 335 336 337 352 353 354 355 356 357 377 378 379 380 381 382 383 402 403 404 407 408 409 429 430 433 434 435 436 454 455 456 457 459 460 461 462 479 480 481 482 483 484 485 486 487 488 505 506 507 509 511 512 513 514 515 531 534 535 536 537 538 539 540 557 560 561 562 564 565 566 583 584 591 
31;16;234 250 264 269 286 287 288 289 290 291 292 293 294 297 312 313 314 315 316 317 318 319 320 321 322 323 324 325 326 328 331 335 336 337 352 354 356 378 379 380 381 382 383 403 404 406 407 408 409 430 433 434 435 455 456 457 459 460 461 462 480 481 482 483 484 485 486 487 488 505 506 507 508 509 511 512 513 514 531 532 534 535 536 537 538 539 540 557 558 559 560 562 563 564 565 566 584 585 591 
32;16;140 141 142 143 167 168 169 170 177 182 183 184 185 186 187 188 189 190 191 192 193 194 195 196 197 198 199 200 201 202 203 204 205 206 208 209 210 211 212 213 214 215 216 217 218 219 220 221 222 223 224 225 226 228 229 230 231 232 234 237 242 243 244 245 246 247 248 249 250 251 252 253 260 261 262 263 264 265 266 267 268 269 270 271 272 273 274 275 276 277 278 279 280 281 285 286 287 288 289 290 291 292 293 294 295 296 297 298 299 300 301 302 303 304 305 306 307 308 309 310 311 312 313 314 315 316 317 318 319 320 321 322 323 324 325 326 327 328 329 330 331 332 333 334 335 336 337 338 339 340 341 342 343 344 345 346 347 348 349 350 351 352 353 354 355 356 357 358 359 360 361 362 363 365 366 367 368 369 371 372 373 374 375 376 377 378 379 380 381 382 383 384 385 386 387 388 389 391 399 400 401 402 403 404 405 406 407 408 409 410 411 412 413 414 415 423 424 425 426 427 428 429 430 431 432 433 434 435 436 437 441 448 449 450 451 452 453 454 455 456 457 458 459 460 461 462 463 473 474 475 476 477 478 479 480 481 482 483 484 485 486 487 488 489 499 500 501 502 503 504 505 506 507 508 509 510 511 512 513 514 515 520 525 526 527 528 529 530 531 532 533 534 535 536 537 538 539 540 552 553 554 556 557 558 559 560 561 562 563 564 565 566 577 583 584 585 586 587 588 589 590 591 592 610 611 612 613 614 615 616 617 
33;16;279 280 286 287 288 289 290 291 292 293 294 295 296 297 311 312 313 314 315 316 317 318 319 320 321 322 323 324 325 326 327 328 331 335 336 337 352 353 354 355 376 378 379 380 381 382 401 402 407 408 409 429 432 433 434 435 453 454 455 456 459 460 461 478 479 480 481 482 483 484 485 486 487 488 504 505 506 507 510 511 512 513 514 530 531 532 533 534 535 536 537 538 557 558 559 561 562 563 564 565 583 584 585 590 591 
34;16;196 197 208 209 213 214 221 222 223 224 233 234 235 237 238 239 243 248 249 250 251 252 253 254 255 256 260 262 263 264 265 269 279 280 281 282 283 284 286 287 288 289 290 291 292 293 294 295 296 297 298 299 310 311 312 313 314 315 316 317 318 319 320 321 322 323 324 325 326 327 328 331 334 335 336 337 349 350 351 352 353 354 355 356 375 376 377 378 379 380 381 382 401 402 406 407 408 409 426 427 428 432 433 434 435 436 452 453 454 455 456 458 459 460 461 462 477 478 479 480 481 482 483 484 485 486 487 488 503 504 505 506 507 508 510 511 512 513 514 529 530 531 532 533 534 535 536 537 538 539 540 556 557 558 559 562 563 564 565 566 583 584 585 590 591 
35;16;262 286 287 288 289 290 291 292 293 294 295 296 297 298 299 324 325 326 327 328 331 335 336 337 349 351 352 354 355 356 375 376 380 381 382 402 406 407 408 426 427 432 433 434 435 436 452 453 454 455 458 459 460 461 478 479 480 481 482 483 484 485 486 487 503 504 506 507 508 509 510 511 512 513 530 532 533 534 535 536 537 539 557 558 563 565 
36;16;168 169 170 177 184 185 189 190 191 193 194 195 196 197 198 199 200 201 202 203 204 205 206 207 208 209 210 211 212 213 214 215 216 217 218 219 220 221 222 223 224 225 227 228 229 230 231 232 233 234 235 236 237 238 239 240 241 242 243 244 245 246 247 248 250 251 252 253 254 255 256 257 258 259 260 261 262 263 264 265 266 267 268 269 276 277 278 279 280 281 282 283 284 285 286 287 288 289 290 291 292 293 294 295 296 297 298 299 305 308 309 310 311 312 313 314 315 316 317 318 319 320 321 322 323 324 325 326 327 328 329 330 331 332 333 334 335 336 337 347 348 349 350 351 352 353 354 355 375 376 377 378 379 380 381 382 383 398 399 400 401 402 404 405 406 407 408 409 426 427 428 429 430 431 433 434 435 436 451 452 453 454 455 456 457 458 459 460 461 462 476 477 479 480 481 482 483 484 485 486 487 488 502 503 505 506 507 508 509 510 511 512 513 514 529 530 531 533 534 535 536 537 538 540 556 557 558 562 563 564 565 566 584 585 590 591 
37;16;196 227 228 230 231 232 233 257 258 259 262 263 264 265 266 267 285 292 293 294 295 296 297 298 299 300 323 324 325 326 327 328 348 349 350 352 353 354 355 374 375 380 381 400 407 408 409 426 432 433 434 435 453 456 457 458 459 460 461 477 483 484 485 486 487 503 505 506 507 508 509 510 511 512 513 531 534 535 537 538 539 557 563 564 
38;16;144 168 169 170 183 188 194 195 196 198 200 201 202 203 205 215 220 221 223 224 225 226 227 228 229 230 231 232 233 254 255 256 257 258 259 260 261 262 263 264 265 266 267 268 269 270 271 279 288 289 290 291 292 293 294 295 296 297 298 299 300 301 305 311 319 320 321 322 323 324 325 326 327 328 329 347 348 349 350 352 353 354 355 373 374 375 379 380 381 399 400 401 402 405 406 407 408 409 425 426 427 428 429 430 431 432 433 434 435 450 451 452 453 454 455 456 457 458 459 460 461 476 477 478 479 480 482 483 484 485 486 487 503 504 505 506 507 508 509 510 511 512 513 529 530 531 534 535 536 537 538 539 556 557 563 564 
39;16;262 297 298 299 321 322 323 324 325 326 327 328 329 347 348 349 353 354 355 373 375 378 379 380 381 399 400 405 406 407 408 409 425 426 428 429 431 432 433 434 435 450 451 453 454 457 458 459 460 461 476 477 479 480 481 482 483 484 485 486 487 503 505 506 509 510 512 513 531 538 
40;16;143 166 167 168 169 170 174 177 180 181 182 183 184 185 186 187 188 189 190 191 192 193 194 195 196 197 198 199 200 201 202 203 204 205 206 207 208 209 210 211 212 213 214 215 216 217 218 219 220 221 222 223 224 225 226 227 228 229 230 231 232 233 234 235 236 237 238 239 240 241 242 243 244 245 246 247 248 249 250 251 252 253 254 255 256 257 258 259 260 261 262 263 264 265 266 267 268 269 270 271 275 276 278 279 280 281 282 283 284 285 286 287 288 289 290 291 292 293 294 295 296 297 298 299 300 301 302 303 304 305 306 307 308 310 311 312 313 314 315 316 317 318 319 320 321 322 323 324 325 326 327 328 329 330 331 332 333 334 335 336 337 345 346 347 348 349 350 351 352 353 354 355 356 357 371 372 373 374 375 376 377 378 379 380 381 382 383 397 398 399 400 401 402 403 404 405 406 407 408 409 410 423 424 425 426 427 428 429 430 431 432 433 434 435 436 449 450 451 452 453 454 455 456 457 458 459 460 461 462 475 476 477 478 479 480 481 482 483 484 485 486 487 488 501 502 503 504 505 506 507 508 509 510 511 512 513 514 528 529 530 531 532 533 534 535 536 537 538 539 540 558 559 560 561 562 565 566 583 584 585 586 590 591 
41;16;168 169 193 194 260 270 295 296 297 298 299 300 320 321 322 323 324 325 326 327 328 345 346 347 348 351 352 353 354 372 373 374 377 378 379 380 398 399 400 401 403 404 405 406 407 423 424 425 426 427 429 430 431 432 433 434 449 450 451 452 455 456 457 458 459 460 475 476 477 478 479 480 481 482 483 484 485 486 501 502 503 504 505 507 508 509 510 511 512 529 530 535 536 537 
42;16;167 168 169 182 183 184 193 197 261 262 263 264 265 269 270 271 294 295 296 297 298 299 300 319 320 321 322 323 324 325 326 327 328 345 346 347 348 349 350 351 352 353 354 370 371 372 373 374 375 376 377 378 379 380 397 398 399 400 401 402 403 404 405 406 407 408 409 422 423 424 425 426 427 428 429 430 431 432 433 434 448 449 451 452 453 454 455 456 457 458 459 460 474 475 476 477 478 479 480 481 482 483 484 485 486 501 502 503 504 505 506 507 508 509 510 511 512 528 529 530 535 536 537 
43;16;166 167 193 269 295 296 297 298 299 300 319 320 321 323 324 325 326 327 345 346 349 350 351 352 353 371 373 377 378 397 399 400 402 403 404 405 423 427 428 429 430 432 448 452 454 455 456 457 458 459 474 477 478 480 481 482 484 485 501 503 508 510 
44;16;140 141 143 166 167 169 170 172 173 174 175 176 177 178 179 182 183 185 186 187 188 190 191 192 196 197 206 208 209 210 211 213 218 246 247 249 250 251 252 253 254 255 256 257 258 259 260 261 262 263 264 265 266 267 268 269 270 271 272 273 274 286 287 288 289 290 291 292 293 294 295 296 297 298 299 300 316 319 320 321 322 323 324 325 326 327 328 344 345 346 347 348 349 350 351 352 353 354 370 371 372 373 374 375 376 377 378 379 380 382 383 384 385 396 397 398 399 400 401 402 403 404 405 406 407 408 409 422 423 424 425 426 427 428 429 430 431 432 433 434 435 448 449 450 451 452 453 454 455 456 457 458 459 460 461 474 475 476 477 478 479 480 481 482 483 484 485 486 500 501 502 503 504 505 506 507 508 509 510 511 512 527 528 529 530 534 535 536 537 561 
45;16;184 262 264 294 295 296 297 299 319 320 322 323 324 325 326 345 350 351 352 403 429 430 454 455 456 481 484 
46;16;174 180 184 185 186 188 260 261 262 263 264 265 266 267 268 286 295 296 297 298 299 300 319 320 321 322 323 324 325 326 345 346 350 351 352 371 372 377 378 397 398 399 403 404 405 409 422 423 424 426 428 429 430 431 448 449 452 454 455 456 457 474 475 477 478 479 480 481 484 501 502 503 505 506 510 528 534 535 536 
47;16;176 185 208 260 261 262 263 264 265 266 267 286 295 296 298 299 319 320 321 322 323 324 325 326 345 346 351 352 371 397 409 423 428 449 454 455 477 478 503 
48;16;140 166 167 171 172 173 174 175 176 177 178 179 180 181 182 183 184 185 186 187 188 189 190 191 192 193 194 195 196 197 198 199 200 201 202 203 204 205 206 207 208 209 210 211 212 213 214 215 216 217 218 219 220 221 222 223 224 225 226 227 228 229 230 231 232 233 234 235 236 237 238 239 240 241 242 243 244 245 246 247 248 249 250 251 252 253 254 255 256 257 258 259 260 261 262 263 264 265 266 267 268 269 270 271 272 273 274 275 276 277 278 279 280 281 282 283 284 285 286 287 288 289 290 291 292 293 294 295 296 297 298 299 300 301 302 303 304 305 306 308 309 310 311 312 313 314 315 316 317 318 319 320 321 322 323 324 325 326 327 328 329 331 332 333 334 335 336 337 338 339 340 341 342 343 344 345 346 347 348 349 350 351 352 353 354 355 356 357 358 359 360 361 362 364 365 366 367 368 369 370 371 372 373 374 375 376 377 378 379 380 381 382 383 384 390 391 392 393 394 395 396 397 398 399 400 401 402 403 404 405 406 407 408 409 410 411 412 413 414 415 422 423 424 425 426 427 428 429 430 431 432 433 434 435 436 437 438 439 440 441 448 449 450 451 452 453 454 455 456 457 458 459 460 461 462 463 474 475 476 477 478 479 480 481 482 483 484 485 486 487 488 500 501 502 503 504 505 506 507 508 509 510 511 512 513 514 527 528 529 530 532 533 534 535 536 537 538 539 540 558 559 560 561 562 563 564 565 566 584 585 586 587 588 589 590 591 611 612 
49;16;192 286 287 288 289 290 291 292 293 295 296 297 298 299 321 322 323 324 325 326 346 347 349 350 351 352 371 372 377 378 397 399 402 403 404 405 408 409 423 428 429 430 431 449 454 455 456 457 458 478 479 480 481 482 483 501 503 504 505 506 507 508 510 527 529 534 535 536 
50;16;166 181 192 194 198 209 210 211 213 214 217 262 263 264 265 266 267 268 269 270 271 286 287 288 289 290 291 292 293 294 295 296 297 298 299 319 320 321 322 323 324 325 326 345 346 347 349 350 351 352 371 372 373 376 377 378 397 398 399 402 403 404 405 409 423 424 425 426 427 428 429 430 431 432 449 450 452 453 454 455 456 457 458 474 475 478 479 480 481 482 483 484 501 502 503 504 505 506 507 508 509 510 527 528 534 535 554 560 561 
51;16;286 287 288 289 290 291 292 296 297 298 299 322 323 324 325 326 345 346 350 352 371 377 378 397 404 408 409 410 429 454 455 456 478 479 480 481 482 504 506 507 534 535 
52;16;166 174 175 176 177 178 179 180 181 185 186 188 189 191 192 193 194 196 197 198 199 200 201 202 203 204 205 206 208 209 210 211 213 214 217 219 254 255 256 257 258 259 260 261 262 263 264 265 266 267 271 272 273 274 275 276 277 278 279 280 286 287 288 289 290 291 292 293 294 295 296 297 298 299 318 319 320 321 322 323 324 325 326 343 344 345 346 348 349 350 351 352 369 370 371 372 373 375 376 377 378 383 395 396 397 398 399 402 403 404 405 408 409 421 422 423 424 425 426 427 428 429 430 431 432 447 448 449 450 451 452 453 454 455 456 457 458 473 474 475 476 477 478 479 480 481 482 483 484 499 500 501 502 503 504 505 506 507 508 509 510 526 527 528 532 533 534 535 560 561 
53;16;286 295 296 297 298 319 320 321 322 323 324 325 345 346 350 351 352 371 372 377 378 397 398 399 403 404 409 429 448 453 454 455 456 477 478 479 480 481 482 483 500 502 504 506 507 509 535 
54;16;166 167 192 193 260 261 262 263 264 265 266 267 268 269 286 293 294 295 296 297 298 318 319 320 321 322 323 324 325 326 344 345 346 348 349 350 351 352 370 371 372 375 376 377 378 396 397 398 401 402 403 404 408 409 410 422 423 425 427 428 429 430 431 447 448 449 453 454 455 456 457 474 475 476 477 478 479 480 481 482 483 484 500 501 502 503 504 505 506 507 508 509 527 528 532 533 534 535 
55;16;192 270 294 295 296 297 298 318 319 320 321 322 323 324 325 344 345 346 348 349 350 351 370 372 375 376 377 396 398 402 403 409 422 425 427 429 430 447 448 451 452 453 454 455 456 457 474 475 476 477 478 479 480 481 482 483 500 501 502 505 506 507 508 509 533 534 
56;16;165 166 167 179 180 181 185 188 189 190 191 192 193 194 196 197 198 199 201 202 203 204 205 206 207 208 209 210 211 212 213 214 215 216 217 218 220 254 260 261 262 263 264 265 266 267 268 269 270 271 272 273 274 275 276 277 278 279 280 281 282 283 284 285 286 287 288 289 290 291 292 293 294 295 296 297 298 299 316 317 318 319 320 321 322 323 324 325 326 327 328 343 344 345 346 347 348 349 350 351 352 353 369 370 371 372 373 374 375 376 377 378 379 382 383 395 396 397 398 399 400 401 402 403 404 405 406 408 409 410 421 422 423 424 425 426 427 428 429 430 431 432 447 448 449 450 451 452 453 454 455 456 457 458 459 460 473 474 475 476 477 478 479 480 481 482 483 484 485 486 499 500 501 502 503 504 505 506 507 508 510 526 527 528 529 532 533 534 535 536 554 
57;16;165 191 260 262 263 264 265 266 267 268 269 270 293 294 295 296 297 298 317 318 319 320 321 322 323 324 343 344 345 348 349 350 369 370 371 375 376 395 396 397 401 402 409 421 422 424 426 427 428 447 450 451 452 453 454 455 473 475 476 478 479 499 501 506 507 533 
58;16;166 190 260 261 262 263 264 265 267 268 269 270 293 294 295 296 297 298 317 318 319 320 321 322 323 324 325 343 344 345 347 348 349 350 351 369 370 371 373 374 375 376 377 395 396 397 398 399 400 401 402 403 409 421 422 423 424 425 426 427 428 429 430 446 447 448 450 451 452 453 454 455 456 472 473 474 475 476 477 478 479 480 481 482 499 500 501 503 504 505 506 507 508 527 532 533 
59;16;190 262 267 292 293 294 295 296 297 298 318 319 320 321 322 323 324 343 344 348 349 369 370 371 374 375 376 395 397 401 402 403 409 421 427 428 429 447 451 452 453 454 455 456 473 475 476 477 478 479 480 499 501 505 506 
60;16;164 165 166 167 185 187 188 189 190 191 192 193 198 199 200 201 202 203 204 205 206 207 208 211 215 216 260 261 262 263 264 265 266 267 268 269 270 271 279 280 281 282 283 284 285 286 287 288 289 290 291 292 293 294 295 296 297 298 299 318 319 320 321 322 323 324 325 343 344 345 346 348 349 350 351 352 353 369 370 371 372 373 374 375 376 377 378 379 395 396 397 398 399 400 401 402 403 404 409 421 422 423 424 425 426 427 428 429 430 447 448 449 450 451 452 453 454 455 456 457 473 474 475 477 478 479 480 481 482 483 499 500 501 503 504 506 507 508 526 527 528 533 
61;16;165 190 191 262 267 270 293 294 295 296 297 298 299 319 320 321 322 323 324 325 344 345 348 349 350 369 370 371 374 375 376 377 378 395 396 397 398 399 400 401 402 403 404 409 422 423 425 426 427 428 429 430 431 447 448 449 451 452 453 454 455 456 457 474 475 476 477 480 481 482 500 501 502 507 
62;16;164 165 166 190 191 192 211 260 262 264 265 266 267 268 269 270 279 286 287 288 289 290 291 292 293 294 295 296 297 298 299 319 320 321 322 323 324 325 344 345 346 348 349 350 351 352 369 370 371 375 376 377 378 379 395 396 397 398 399 400 401 402 403 404 405 408 409 421 423 425 426 427 428 429 430 431 447 448 449 451 452 453 454 455 456 457 474 475 476 477 478 479 480 481 482 483 500 501 502 503 507 508 527 528 
63;16;286 287 288 289 290 291 292 293 294 295 296 297 298 299 320 321 322 323 324 325 345 346 350 351 371 375 376 377 378 379 396 397 399 401 402 403 404 405 409 423 427 428 429 430 431 448 452 453 454 455 474 476 477 481 482 502 503 
64;16;11 12 13 14 15 16 17 18 19 20 21 22 23 24 25 38 39 40 41 42 43 44 45 46 47 48 49 50 51 64 65 66 67 68 69 70 71 72 73 74 75 76 77 89 90 91 92 93 94 95 96 97 98 99 100 101 102 103 114 115 116 117 118 119 120 121 122 123 124 125 126 127 128 129 132 135 136 137 138 139 140 141 142 143 144 145 146 147 148 149 150 151 152 153 154 155 158 159 160 161 162 163 164 165 166 167 168 169 170 171 172 173 174 175 176 177 178 179 180 181 182 183 184 185 186 187 188 189 190 191 192 193 194 195 196 197 198 199 200 201 202 203 204 205 206 207 208 209 210 211 212 213 214 215 216 217 218 219 220 221 222 223 224 225 226 227 228 229 230 231 232 233 234 235 236 237 238 239 240 241 242 243 244 245 246 247 248 249 250 251 252 253 254 255 256 257 258 259 260 261 262 263 264 265 266 267 268 269 270 271 272 273 274 275 276 277 278 279 280 281 282 283 284 285 286 287 288 289 290 291 292 293 294 295 296 297 298 299 300 301 302 303 304 305 306 307 308 309 310 311 312 313 314 315 316 317 318 319 320 321 322 323 324 325 326 327 328 329 330 331 332 333 334 335 336 337 338 339 340 341 342 343 344 345 346 347 348 349 350 351 352 353 354 355 356 357 358 359 360 361 362 363 364 365 366 367 368 369 370 371 372 373 374 375 376 377 378 380 381 382 383 384 385 386 387 388 389 390 391 396 397 398 399 400 401 402 403 404 405 406 407 408 409 410 411 412 413 414 415 416 417 418 419 420 421 422 423 424 425 426 427 428 429 430 431 432 433 434 435 436 437 438 439 440 441 442 443 444 445 446 447 448 449 450 451 452 453 454 455 456 457 458 459 460 461 462 463 464 465 466 467 468 469 470 471 472 473 474 475 476 477 478 479 480 481 482 483 484 485 486 487 488 489 490 491 492 493 499 500 501 502 503 504 505 506 507 508 509 510 511 512 513 514 515 516 517 518 519 523 524 525 526 527 528 529 530 531 532 533 534 535 536 537 538 539 540 541 542 543 544 545 548 549 550 551 552 553 554 555 556 557 558 560 561 562 563 564 565 566 567 568 569 570 571 572 574 575 576 577 578 579 580 581 582 583 584 587 593 594 595 596 597 602 603 604 605 606 607 608 609 610 619 620 621 622 623 629 630 631 632 633 634 635 636 645 646 647 648 649 657 658 659 660 661 672 673 674 675 
65;16;209 210 286 287 288 290 291 292 293 294 296 297 298 299 320 322 323 324 325 351 352 378 379 402 404 409 428 429 435 436 454 455 456 482 
66;16;205 206 208 211 212 214 216 226 228 229 230 231 232 259 270 286 287 288 289 290 291 292 293 294 295 296 297 298 299 300 305 311 320 321 322 323 324 325 345 346 349 350 351 352 371 372 378 379 397 399 402 403 404 409 423 424 426 428 429 430 435 436 449 450 452 454 455 456 475 477 478 482 483 501 503 527 528 529 554 
67;16;208 210 228 232 286 287 288 289 290 291 292 293 294 296 297 298 299 300 305 320 322 324 325 351 352 353 372 377 378 402 403 404 409 423 429 435 436 456 475 478 501 527 
68;16;191 192 193 216 217 223 224 225 226 227 228 229 231 233 248 249 250 251 252 253 254 255 256 257 258 269 273 278 279 280 281 282 283 284 285 286 287 288 289 290 291 292 293 294 295 296 297 298 299 300 301 305 306 307 308 309 310 311 319 320 321 322 323 324 325 331 345 346 349 350 351 352 353 370 371 372 374 375 376 377 378 379 380 396 397 398 399 400 401 402 403 404 405 406 409 422 423 424 425 426 427 428 429 430 431 432 435 436 448 449 450 451 452 453 454 455 456 457 473 474 475 476 477 478 479 480 481 482 483 499 500 501 502 503 504 507 526 527 528 529 552 553 554 555 
69;16;205 212 230 286 287 288 289 290 291 292 293 294 295 296 297 298 299 320 321 322 323 324 325 336 337 346 349 350 351 352 353 371 375 376 377 378 379 397 398 401 402 403 404 406 423 426 428 429 431 432 449 450 453 454 455 456 457 474 475 477 478 500 501 503 527 529 
70;16;191 192 203 208 210 217 218 252 258 269 279 280 282 283 285 286 287 288 289 290 291 292 293 294 295 296 297 298 299 300 308 309 310 311 319 320 321 322 323 324 325 331 335 336 337 346 348 349 350 351 352 353 370 371 375 376 377 378 379 396 397 398 399 401 402 403 404 405 406 409 422 423 424 425 426 427 428 429 430 431 432 435 436 448 449 450 452 453 454 455 456 457 473 474 475 476 477 478 479 480 481 482 499 500 501 502 503 504 526 527 528 529 553 
71;16;191 208 209 214 216 226 279 286 287 288 289 290 291 292 293 294 295 296 297 298 299 309 310 311 319 320 321 322 323 324 325 331 337 345 348 349 350 351 371 375 376 377 378 396 398 401 402 403 404 423 425 427 428 429 430 431 448 449 452 453 454 455 474 477 478 479 481 482 500 502 503 526 528 
72;16;191 192 200 201 202 203 204 205 206 207 208 209 210 211 212 214 215 216 217 218 219 221 222 223 224 225 226 227 228 229 230 231 232 233 241 242 243 244 245 246 251 252 253 254 255 256 257 258 259 264 265 266 269 274 275 276 277 279 280 281 282 283 284 285 286 287 288 289 290 291 292 293 294 295 296 297 298 299 300 301 302 303 304 305 306 307 308 309 310 311 316 317 318 319 320 321 322 323 324 325 326 327 328 331 335 336 337 345 346 347 348 349 350 351 352 353 356 357 358 361 362 370 371 372 373 374 375 376 377 378 379 382 383 384 396 397 398 399 400 401 402 403 404 405 406 407 408 409 410 411 422 423 424 425 426 427 428 429 430 431 432 433 434 435 436 447 448 449 450 451 452 453 454 455 456 457 458 460 461 462 473 474 475 476 477 478 479 480 481 482 483 499 500 501 502 503 504 505 507 508 525 526 527 528 529 552 553 554 
73;16;191 217 218 223 262 269 270 286 287 288 289 290 291 292 293 294 295 296 297 305 306 307 308 319 320 321 322 323 324 337 347 348 349 350 375 376 401 402 403 427 428 429 430 453 454 455 456 477 479 480 481 482 503 504 505 506 507 532 533 
74;16;191 196 208 213 215 216 217 218 245 246 247 259 269 270 276 277 278 279 280 281 282 284 285 286 287 288 289 290 291 292 293 294 295 296 297 298 299 305 306 307 308 309 310 311 319 320 321 322 323 324 327 328 335 336 337 345 346 347 348 349 350 370 371 374 375 376 377 397 398 400 401 402 403 404 409 422 423 424 425 427 428 429 430 435 436 447 448 451 452 453 454 455 456 473 477 478 479 480 481 482 499 502 503 504 505 506 507 508 526 527 528 532 533 
75;16;209 210 212 244 259 270 284 285 286 287 288 289 290 291 292 293 294 295 296 297 298 299 305 306 307 308 311 320 321 322 323 324 328 336 337 346 347 348 349 350 371 372 374 375 376 397 398 401 402 409 424 425 428 429 435 448 449 450 452 453 455 473 474 478 479 480 481 499 500 502 503 504 505 506 507 526 527 532 533 
76;16;191 207 208 209 210 211 212 213 214 215 216 217 218 219 230 231 232 233 243 244 245 246 247 248 249 250 255 256 257 259 262 272 275 276 277 278 279 280 281 282 284 285 286 287 288 289 290 291 292 293 294 295 296 297 298 299 300 304 305 306 307 310 311 312 313 314 315 316 317 319 320 321 322 323 324 325 326 345 346 347 348 349 350 351 352 370 371 372 373 374 375 376 377 378 396 397 398 399 400 401 402 403 404 405 408 409 423 424 425 426 427 428 429 430 431 434 435 436 448 449 450 451 452 453 454 455 456 457 474 475 476 477 478 479 480 481 482 483 500 501 502 503 504 505 506 507 508 526 527 528 
77;16;209 214 219 233 245 258 279 280 281 283 286 287 288 289 290 291 292 293 294 295 296 297 298 299 305 311 321 322 323 324 325 346 348 349 350 351 371 372 373 376 377 398 399 402 403 409 423 424 425 427 428 429 430 449 450 454 455 456 475 476 477 478 479 480 481 482 501 502 503 504 505 507 527 528 
78;16;165 166 191 192 208 214 217 231 232 233 245 246 247 255 256 257 258 274 275 277 279 280 281 282 283 286 287 288 289 290 291 292 293 294 295 296 297 298 299 300 305 311 320 321 322 323 324 325 326 347 348 349 350 351 352 371 372 373 374 376 377 378 398 399 400 401 403 404 408 409 423 424 425 426 428 429 448 450 452 454 455 456 474 476 477 478 479 480 481 482 483 500 502 503 504 505 507 508 527 528 529 
79;16;208 246 247 286 287 288 289 290 291 292 293 294 295 296 297 298 299 322 323 324 325 326 348 349 350 351 352 373 374 377 378 400 401 403 404 409 424 425 426 429 430 431 450 451 455 456 457 476 478 479 480 481 482 483 502 503 504 
80;16;132 158 159 165 166 175 178 180 181 184 185 191 192 193 194 195 196 197 198 199 200 201 202 203 204 205 206 207 208 209 210 211 212 213 214 215 216 217 218 219 220 221 222 223 224 225 226 227 228 229 230 231 232 233 234 235 236 237 238 239 240 241 242 243 244 245 246 247 248 249 250 251 252 253 254 255 256 257 258 259 260 261 262 263 264 265 266 267 268 269 270 271 272 273 274 275 276 277 278 279 280 281 282 283 286 287 288 289 290 291 292 293 294 295 296 297 298 299 300 301 303 304 305 306 307 308 309 310 311 312 313 314 315 316 317 318 319 320 321 322 323 324 325 326 327 328 331 332 333 334 335 336 337 338 339 340 341 342 344 345 346 347 348 349 350 351 352 353 354 356 357 358 359 360 361 362 363 371 372 373 374 375 376 377 378 379 380 383 384 385 386 387 388 390 391 392 393 394 395 396 397 398 399 400 401 402 403 404 405 406 407 408 409 410 411 412 413 414 423 424 425 426 427 428 429 430 431 432 433 435 436 437 438 442 449 451 452 453 454 455 456 457 458 459 460 461 462 463 475 477 478 479 480 481 482 483 484 485 501 502 503 504 505 506 507 508 509 510 511 526 527 528 529 530 531 532 533 534 535 547 548 549 552 
81;16;221 247 248 254 274 286 287 288 289 290 291 293 295 296 297 298 299 300 323 324 325 326 327 349 350 351 352 353 374 375 376 378 379 400 401 402 405 409 426 427 429 430 431 452 454 455 456 457 458 477 478 479 480 481 482 483 504 505 
82;16;163 189 205 206 207 211 214 215 221 222 229 230 242 243 246 247 248 249 254 255 269 270 271 273 274 275 276 277 278 279 280 286 287 288 289 290 291 292 293 294 295 296 297 298 299 300 301 302 305 306 310 311 312 313 314 315 316 317 318 319 321 322 323 324 325 326 327 328 348 349 350 351 352 353 354 374 375 376 377 378 379 380 382 401 402 403 404 405 406 409 425 426 427 428 429 430 431 432 433 451 454 455 456 457 458 459 477 479 480 481 482 483 484 485 504 505 506 
83;16;222 247 248 249 273 274 275 286 288 289 290 291 292 293 294 295 296 297 298 299 300 301 305 312 313 314 315 316 317 318 319 324 325 326 327 328 350 351 352 353 354 376 377 379 380 402 403 409 427 428 431 433 453 457 458 459 479 480 481 484 485 506 
84;16;136 162 187 188 205 212 213 214 229 230 234 235 236 237 238 239 241 243 244 246 247 248 249 254 255 262 263 264 265 266 267 268 269 270 271 272 273 274 275 276 278 279 280 286 287 288 289 290 291 292 293 294 295 296 297 298 299 300 301 302 305 312 313 314 315 316 317 318 319 320 321 322 323 324 325 326 327 328 330 331 338 348 349 350 351 352 353 354 355 356 357 358 374 375 376 377 378 379 380 381 382 383 400 401 402 403 404 405 406 407 408 409 410 425 426 427 428 429 430 431 432 433 434 435 436 451 452 453 454 455 456 457 458 459 460 461 462 477 478 479 480 481 482 483 484 485 486 487 503 504 506 507 
85;16;238 249 269 274 275 276 286 288 289 290 291 292 296 297 298 299 300 301 302 305 312 313 314 315 316 317 318 319 320 321 322 323 324 325 326 327 328 352 353 354 355 378 380 381 403 404 405 407 408 409 429 432 433 434 455 458 459 460 481 482 484 485 486 507 
86;16;161 206 207 230 231 234 236 237 238 249 250 264 266 267 268 269 270 271 272 274 275 276 277 278 286 287 288 289 290 291 292 293 294 295 296 297 298 299 300 301 302 303 304 305 310 311 312 313 314 315 316 317 318 319 320 321 322 323 324 325 326 327 328 330 331 351 352 353 354 355 356 357 377 378 379 380 381 382 383 403 404 405 406 407 408 409 410 428 429 430 431 432 433 434 435 436 454 455 456 457 458 459 460 461 462 480 482 483 484 485 486 508 
87;16;251 266 276 277 287 288 291 301 302 312 313 314 315 316 317 318 319 320 321 322 323 325 326 327 328 331 354 355 356 357 379 380 382 383 405 406 407 408 409 430 431 433 434 435 436 456 457 458 459 460 461 482 483 484 485 486 
88;16;132 158 160 184 186 187 205 206 207 208 209 210 211 212 213 228 229 230 231 234 235 236 237 238 239 240 241 242 243 244 245 246 247 250 251 253 254 255 256 260 262 263 264 265 266 267 268 269 270 271 272 273 274 276 277 278 279 280 281 286 287 288 289 290 291 292 293 294 295 296 297 298 299 300 301 302 303 304 305 306 307 308 309 310 311 312 313 314 315 316 317 318 319 320 321 322 323 324 325 326 327 328 329 330 331 335 336 337 338 339 348 349 350 351 352 353 354 355 356 357 358 361 362 363 374 375 376 377 378 379 380 381 382 383 384 385 386 387 388 389 400 401 402 403 404 405 406 407 408 409 410 411 412 413 414 425 426 427 428 429 430 431 432 433 434 435 436 437 438 439 440 450 451 452 453 454 455 457 458 459 460 461 462 477 478 479 480 481 483 484 485 486 487 503 504 505 510 511 529 
89;16;252 262 263 264 265 266 277 278 287 288 290 295 296 297 298 305 312 313 314 315 316 318 319 320 321 322 323 324 325 330 331 338 339 340 341 355 356 357 358 381 382 383 384 407 408 409 410 432 433 434 435 436 458 459 460 461 462 484 485 
90;16;159 207 234 236 260 262 263 264 265 266 267 268 277 278 279 286 287 288 290 291 292 294 295 296 297 298 303 305 312 313 314 315 316 317 318 319 320 321 322 323 324 325 326 327 328 329 331 332 333 338 339 340 355 356 357 358 359 380 381 382 383 384 385 406 407 408 409 410 411 432 433 434 435 436 437 458 459 460 461 462 463 484 485 486 
91;16;260 262 263 264 265 266 267 286 287 289 290 291 294 295 296 297 312 313 314 315 316 317 318 319 320 321 322 323 324 325 326 331 332 338 339 340 356 357 358 359 382 383 385 408 409 410 433 434 435 436 437 459 460 461 462 463 486 
92;16;185 207 211 234 235 236 237 238 254 262 263 264 265 266 267 268 269 270 271 277 278 280 286 287 288 289 290 291 292 293 294 295 296 297 298 299 300 302 303 305 306 312 313 314 315 316 317 318 319 320 321 322 323 324 325 326 327 328 329 330 331 332 333 335 336 337 354 355 356 357 358 359 361 362 363 380 381 382 383 384 385 387 388 389 406 407 408 409 410 411 412 413 414 415 432 433 434 435 436 437 438 457 458 459 460 461 462 463 484 485 
93;16;264 265 266 286 289 290 295 296 297 312 313 314 315 316 317 318 319 320 321 322 323 324 325 326 327 331 332 333 334 338 357 358 359 360 383 384 385 386 409 410 435 436 437 438 460 461 462 
94;16;262 264 265 266 267 268 269 286 287 288 289 290 295 296 297 298 299 305 310 311 312 313 314 315 316 317 318 319 320 321 322 323 324 325 326 327 328 331 332 333 334 335 336 337 338 357 358 359 360 361 362 383 384 385 386 387 388 408 409 410 411 412 413 414 434 435 436 437 438 439 460 461 462 463 
95;16;264 265 286 288 289 290 297 298 312 313 314 315 316 317 318 319 320 321 322 323 324 325 326 327 334 335 336 337 359 360 361 362 385 386 387 388 409 410 436 437 438 
96;16;0 1 2 3 4 5 6 7 8 9 10 11 12 13 14 15 16 17 18 19 20 21 22 23 24 25 26 27 28 29 30 31 32 33 34 35 36 37 38 39 40 41 42 43 44 45 46 47 48 49 50 51 52 53 54 55 56 57 58 59 60 61 62 63 64 65 66 67 68 69 70 71 72 73 74 75 76 77 78 79 80 81 82 83 84 85 86 87 88 89 90 91 92 93 94 95 96 97 98 99 100 101 102 103 104 105 106 107 108 109 110 111 112 113 114 115 116 117 118 119 120 121 122 123 124 125 126 127 128 129 130 131 132 133 134 135 136 137 138 139 140 141 142 143 144 145 146 147 148 149 150 151 152 153 154 155 156 157 159 160 161 162 163 164 165 166 167 168 169 170 171 172 173 174 175 176 177 178 179 180 181 182 183 184 185 186 187 188 189 190 191 192 193 194 195 196 197 198 199 200 201 202 203 204 205 206 207 208 209 210 211 212 213 214 215 216 217 218 219 220 221 222 223 224 225 226 227 228 229 230 231 232 234 235 236 237 238 239 240 241 242 243 244 245 246 247 248 249 250 251 252 253 254 255 256 257 258 259 260 261 262 263 264 265 266 267 268 269 270 271 272 273 274 275 276 277 278 279 280 281 282 283 284 285 286 287 288 289 290 291 292 293 294 295 296 297 298 299 300 301 302 303 304 305 306 307 308 309 310 311 312 313 314 315 316 317 318 319 320 321 322 323 324 325 326 327 328 329 330 331 332 333 334 335 336 337 338 339 340 341 342 343 344 345 346 347 348 349 350 351 352 353 354 355 356 357 358 359 360 361 362 363 364 365 366 367 368 370 371 372 373 374 375 376 377 378 379 380 381 382 383 384 385 386 387 388 389 390 391 392 393 394 395 396 397 398 399 400 401 402 403 404 405 406 407 408 409 410 411 412 413 414 415 416 417 418 419 420 421 422 423 424 425 426 427 428 429 430 431 432 433 434 435 436 437 438 440 441 442 443 444 445 446 447 448 449 450 451 452 453 454 455 456 457 458 459 460 461 462 463 465 466 467 468 469 471 472 473 474 475 476 477 478 479 480 481 482 483 484 485 486 487 488 493 494 495 499 500 501 502 503 504 505 506 507 508 509 510 511 512 513 517 518 519 520 521 522 523 524 525 526 527 528 529 530 531 532 533 534 535 536 541 542 543 544 545 551 552 553 554 555 556 557 558 559 560 561 567 568 569 570 571 572 573 574 575 576 578 579 580 581 582 583 584 585 586 592 593 594 595 596 597 598 599 600 601 607 608 609 610 616 617 618 619 620 621 622 623 624 625 626 627 628 641 642 643 644 645 646 647 648 649 650 651 652 653 654 666 669 670 671 672 673 674 
97;16;288 289 290 311 312 313 314 315 316 317 318 319 320 321 324 335 336 337 361 362 363 387 388 389 439 
98;16;234 236 237 253 263 264 265 266 267 268 269 270 278 286 287 288 289 290 291 292 297 298 299 300 301 305 309 311 312 313 314 315 316 317 318 319 320 321 322 323 324 326 327 335 336 337 360 361 362 363 386 387 388 389 409 412 413 414 415 435 436 438 439 
99;16;264 265 266 267 269 288 290 298 299 300 305 311 312 313 314 315 316 317 318 319 320 321 322 323 324 325 326 327 328 337 363 388 389 408 409 414 415 441 
